0.000000000000000000e+00
-5.125000000000000000e+03
-1.012600000000000000e+04
-1.487500000000000000e+04
-1.925900000000000000e+04
-2.316900000000000000e+04
-2.650900000000000000e+04
-2.919500000000000000e+04
-3.116300000000000000e+04
-3.236300000000000000e+04
-3.276700000000000000e+04
-3.236300000000000000e+04
-3.116300000000000000e+04
-2.919500000000000000e+04
-2.650800000000000000e+04
-2.316800000000000000e+04
-1.926000000000000000e+04
-1.487500000000000000e+04
-1.012500000000000000e+04
-5.126000000000000000e+03
0.000000000000000000e+00
5.126000000000000000e+03
1.012400000000000000e+04
1.487500000000000000e+04
1.926000000000000000e+04
2.316900000000000000e+04
2.650900000000000000e+04
2.919500000000000000e+04
3.116200000000000000e+04
3.236300000000000000e+04
3.276600000000000000e+04
3.236300000000000000e+04
3.116300000000000000e+04
2.919400000000000000e+04
2.650900000000000000e+04
2.316900000000000000e+04
1.926000000000000000e+04
1.487500000000000000e+04
1.012500000000000000e+04
5.125000000000000000e+03
0.000000000000000000e+00
-5.126000000000000000e+03
-1.012400000000000000e+04
-1.487500000000000000e+04
-1.926000000000000000e+04
-2.317000000000000000e+04
-2.650900000000000000e+04
-2.919400000000000000e+04
-3.116300000000000000e+04
-3.236300000000000000e+04
-3.276700000000000000e+04
-3.236300000000000000e+04
-3.116300000000000000e+04
-2.919400000000000000e+04
-2.650800000000000000e+04
-2.316900000000000000e+04
-1.925900000000000000e+04
-1.487500000000000000e+04
-1.012500000000000000e+04
-5.126000000000000000e+03
0.000000000000000000e+00
5.126000000000000000e+03
1.012500000000000000e+04
1.487500000000000000e+04
1.925900000000000000e+04
2.316900000000000000e+04
2.650800000000000000e+04
2.919500000000000000e+04
3.116300000000000000e+04
3.236300000000000000e+04
3.276600000000000000e+04
3.236200000000000000e+04
3.116200000000000000e+04
2.919500000000000000e+04
2.650800000000000000e+04
2.316900000000000000e+04
1.925900000000000000e+04
1.487500000000000000e+04
1.012500000000000000e+04
5.125000000000000000e+03
0.000000000000000000e+00
-5.125000000000000000e+03
-1.012600000000000000e+04
-1.487500000000000000e+04
-1.926000000000000000e+04
-2.316900000000000000e+04
-2.650900000000000000e+04
-2.919400000000000000e+04
-3.116300000000000000e+04
-3.236300000000000000e+04
-3.276600000000000000e+04
-3.236300000000000000e+04
-3.116300000000000000e+04
-2.919500000000000000e+04
-2.650800000000000000e+04
-2.317000000000000000e+04
-1.925900000000000000e+04
-1.487500000000000000e+04
-1.012500000000000000e+04
-5.126000000000000000e+03
0.000000000000000000e+00
5.126000000000000000e+03
1.012500000000000000e+04
1.487500000000000000e+04
1.925900000000000000e+04
2.316900000000000000e+04
2.650800000000000000e+04
2.919500000000000000e+04
3.116200000000000000e+04
3.236300000000000000e+04
3.276600000000000000e+04
3.236200000000000000e+04
3.116200000000000000e+04
2.919500000000000000e+04
2.650800000000000000e+04
2.316900000000000000e+04
1.925900000000000000e+04
1.487500000000000000e+04
1.012500000000000000e+04
5.125000000000000000e+03
0.000000000000000000e+00
-5.126000000000000000e+03
-1.012500000000000000e+04
-1.487500000000000000e+04
-1.926000000000000000e+04
-2.316900000000000000e+04
-2.650900000000000000e+04
-2.919600000000000000e+04
-3.116200000000000000e+04
-3.236300000000000000e+04
-3.276700000000000000e+04
-3.236300000000000000e+04
-3.116300000000000000e+04
-2.919500000000000000e+04
-2.650800000000000000e+04
-2.316900000000000000e+04
-1.925900000000000000e+04
-1.487500000000000000e+04
-1.012500000000000000e+04
-5.125000000000000000e+03
0.000000000000000000e+00
5.125000000000000000e+03
1.012500000000000000e+04
1.487600000000000000e+04
1.925900000000000000e+04
2.316900000000000000e+04
2.650900000000000000e+04
2.919500000000000000e+04
3.116300000000000000e+04
3.236300000000000000e+04
3.276600000000000000e+04
3.236200000000000000e+04
3.116200000000000000e+04
2.919500000000000000e+04
2.650900000000000000e+04
2.316900000000000000e+04
1.925900000000000000e+04
1.487500000000000000e+04
1.012500000000000000e+04
5.125000000000000000e+03
0.000000000000000000e+00
-5.126000000000000000e+03
-1.012500000000000000e+04
-1.487500000000000000e+04
-1.925900000000000000e+04
-2.316900000000000000e+04
-2.650900000000000000e+04
-2.919500000000000000e+04
-3.116200000000000000e+04
-3.236300000000000000e+04
-3.276600000000000000e+04
-3.236300000000000000e+04
-3.116300000000000000e+04
-2.919400000000000000e+04
-2.650900000000000000e+04
-2.316800000000000000e+04
-1.925900000000000000e+04
-1.487500000000000000e+04
-1.012500000000000000e+04
-5.125000000000000000e+03
0.000000000000000000e+00
5.125000000000000000e+03
1.012500000000000000e+04
1.487500000000000000e+04
1.926000000000000000e+04
2.316900000000000000e+04
2.650800000000000000e+04
2.919500000000000000e+04
3.116300000000000000e+04
3.236300000000000000e+04
3.276700000000000000e+04
3.236200000000000000e+04
3.116200000000000000e+04
2.919600000000000000e+04
2.650900000000000000e+04
2.316900000000000000e+04
1.926000000000000000e+04
1.487500000000000000e+04
1.012500000000000000e+04
5.125000000000000000e+03
0.000000000000000000e+00
-5.125000000000000000e+03
-1.012400000000000000e+04
-1.487500000000000000e+04
-1.925900000000000000e+04
-2.316900000000000000e+04
-2.650800000000000000e+04
-2.919500000000000000e+04
-3.116200000000000000e+04
-3.236300000000000000e+04
-3.276600000000000000e+04
-3.236300000000000000e+04
-3.116300000000000000e+04
-2.919500000000000000e+04
-2.650800000000000000e+04
-2.316900000000000000e+04
-1.925900000000000000e+04
-1.487600000000000000e+04
-1.012500000000000000e+04
-5.126000000000000000e+03
0.000000000000000000e+00
5.125000000000000000e+03
1.012500000000000000e+04
1.487500000000000000e+04
1.925900000000000000e+04
2.316900000000000000e+04
2.650900000000000000e+04
2.919500000000000000e+04
3.116300000000000000e+04
3.236300000000000000e+04
3.276600000000000000e+04
3.236200000000000000e+04
3.116300000000000000e+04
2.919500000000000000e+04
2.650800000000000000e+04
2.317000000000000000e+04
1.925900000000000000e+04
1.487600000000000000e+04
1.012500000000000000e+04
5.125000000000000000e+03
0.000000000000000000e+00
-5.125000000000000000e+03
-1.012500000000000000e+04
-1.487500000000000000e+04
-1.925900000000000000e+04
-2.316900000000000000e+04
-2.650800000000000000e+04
-2.919500000000000000e+04
-3.116200000000000000e+04
-3.236300000000000000e+04
-3.276600000000000000e+04
-3.236300000000000000e+04
-3.116300000000000000e+04
-2.919500000000000000e+04
-2.650800000000000000e+04
-2.316900000000000000e+04
-1.926000000000000000e+04
-1.487600000000000000e+04
-1.012500000000000000e+04
-5.125000000000000000e+03
0.000000000000000000e+00
5.125000000000000000e+03
1.012500000000000000e+04
1.487500000000000000e+04
1.925900000000000000e+04
2.316900000000000000e+04
2.650800000000000000e+04
2.919500000000000000e+04
3.116300000000000000e+04
3.236300000000000000e+04
3.276600000000000000e+04
3.236300000000000000e+04
3.116200000000000000e+04
2.919500000000000000e+04
2.650900000000000000e+04
2.316900000000000000e+04
1.925900000000000000e+04
1.487600000000000000e+04
1.012500000000000000e+04
5.125000000000000000e+03
0.000000000000000000e+00
-5.126000000000000000e+03
-1.012500000000000000e+04
-1.487600000000000000e+04
-1.925900000000000000e+04
-2.316900000000000000e+04
-2.650800000000000000e+04
-2.919500000000000000e+04
-3.116300000000000000e+04
-3.236300000000000000e+04
-3.276600000000000000e+04
-3.236300000000000000e+04
-3.116200000000000000e+04
-2.919500000000000000e+04
-2.650900000000000000e+04
-2.316900000000000000e+04
-1.925900000000000000e+04
-1.487500000000000000e+04
-1.012500000000000000e+04
-5.125000000000000000e+03
0.000000000000000000e+00
5.125000000000000000e+03
1.012400000000000000e+04
1.487600000000000000e+04
1.926000000000000000e+04
2.316900000000000000e+04
2.650900000000000000e+04
2.919500000000000000e+04
3.116200000000000000e+04
3.236300000000000000e+04
3.276600000000000000e+04
3.236300000000000000e+04
3.116200000000000000e+04
2.919400000000000000e+04
2.650800000000000000e+04
2.316900000000000000e+04
1.926000000000000000e+04
1.487500000000000000e+04
1.012400000000000000e+04
5.126000000000000000e+03
0.000000000000000000e+00
-5.125000000000000000e+03
-1.012500000000000000e+04
-1.487500000000000000e+04
-1.925900000000000000e+04
-2.316900000000000000e+04
-2.650900000000000000e+04
-2.919400000000000000e+04
-3.116200000000000000e+04
-3.236300000000000000e+04
-3.276700000000000000e+04
-3.236300000000000000e+04
-3.116200000000000000e+04
-2.919500000000000000e+04
-2.650900000000000000e+04
-2.316900000000000000e+04
-1.926000000000000000e+04
-1.487600000000000000e+04
-1.012500000000000000e+04
-5.126000000000000000e+03
0.000000000000000000e+00
5.126000000000000000e+03
1.012500000000000000e+04
1.487500000000000000e+04
1.925900000000000000e+04
2.316900000000000000e+04
2.650900000000000000e+04
2.919500000000000000e+04
3.116300000000000000e+04
3.236100000000000000e+04
3.276600000000000000e+04
3.236200000000000000e+04
3.116300000000000000e+04
2.919500000000000000e+04
2.650800000000000000e+04
2.316900000000000000e+04
1.925900000000000000e+04
1.487500000000000000e+04
1.012400000000000000e+04
5.125000000000000000e+03
0.000000000000000000e+00
-5.125000000000000000e+03
-1.012400000000000000e+04
-1.487500000000000000e+04
-1.925900000000000000e+04
-2.316900000000000000e+04
-2.650900000000000000e+04
-2.919400000000000000e+04
-3.116200000000000000e+04
-3.236200000000000000e+04
-3.276600000000000000e+04
-3.236300000000000000e+04
-3.116300000000000000e+04
-2.919500000000000000e+04
-2.650900000000000000e+04
-2.316800000000000000e+04
-1.926000000000000000e+04
-1.487600000000000000e+04
-1.012500000000000000e+04
-5.125000000000000000e+03
0.000000000000000000e+00
5.126000000000000000e+03
1.012500000000000000e+04
1.487500000000000000e+04
1.925900000000000000e+04
2.316900000000000000e+04
2.650800000000000000e+04
2.919400000000000000e+04
3.116200000000000000e+04
3.236300000000000000e+04
3.276700000000000000e+04
3.236300000000000000e+04
3.116200000000000000e+04
2.919500000000000000e+04
2.650800000000000000e+04
2.316900000000000000e+04
1.926000000000000000e+04
1.487600000000000000e+04
1.012600000000000000e+04
5.125000000000000000e+03
0.000000000000000000e+00
-5.126000000000000000e+03
-1.012500000000000000e+04
-1.487500000000000000e+04
-1.925900000000000000e+04
-2.316900000000000000e+04
-2.650900000000000000e+04
-2.919500000000000000e+04
-3.116300000000000000e+04
-3.236300000000000000e+04
-3.276700000000000000e+04
-3.236300000000000000e+04
-3.116200000000000000e+04
-2.919500000000000000e+04
-2.650800000000000000e+04
-2.316900000000000000e+04
-1.925900000000000000e+04
-1.487600000000000000e+04
-1.012600000000000000e+04
-5.126000000000000000e+03
0.000000000000000000e+00
5.125000000000000000e+03
1.012500000000000000e+04
1.487600000000000000e+04
1.925900000000000000e+04
2.316900000000000000e+04
2.650900000000000000e+04
2.919500000000000000e+04
3.116300000000000000e+04
3.236400000000000000e+04
3.276600000000000000e+04
3.236400000000000000e+04
3.116200000000000000e+04
2.919400000000000000e+04
2.650800000000000000e+04
2.316900000000000000e+04
1.925900000000000000e+04
1.487600000000000000e+04
1.012500000000000000e+04
5.125000000000000000e+03
0.000000000000000000e+00
-5.125000000000000000e+03
-1.012500000000000000e+04
-1.487600000000000000e+04
-1.925900000000000000e+04
-2.316900000000000000e+04
-2.650800000000000000e+04
-2.919500000000000000e+04
-3.116200000000000000e+04
-3.236300000000000000e+04
-3.276600000000000000e+04
-3.236200000000000000e+04
-3.116200000000000000e+04
-2.919500000000000000e+04
-2.650900000000000000e+04
-2.316900000000000000e+04
-1.926000000000000000e+04
-1.487500000000000000e+04
-1.012500000000000000e+04
-5.126000000000000000e+03
0.000000000000000000e+00
5.126000000000000000e+03
1.012600000000000000e+04
1.487500000000000000e+04
1.925900000000000000e+04
2.317000000000000000e+04
2.650800000000000000e+04
2.919500000000000000e+04
3.116300000000000000e+04
3.236300000000000000e+04
3.276600000000000000e+04
3.236300000000000000e+04
3.116300000000000000e+04
2.919500000000000000e+04
2.650800000000000000e+04
2.316900000000000000e+04
1.925900000000000000e+04
1.487500000000000000e+04
1.012500000000000000e+04
5.125000000000000000e+03
0.000000000000000000e+00
-5.125000000000000000e+03
-1.012500000000000000e+04
-1.487500000000000000e+04
-1.925900000000000000e+04
-2.316800000000000000e+04
-2.650800000000000000e+04
-2.919400000000000000e+04
-3.116300000000000000e+04
-3.236300000000000000e+04
-3.276600000000000000e+04
-3.236200000000000000e+04
-3.116200000000000000e+04
-2.919500000000000000e+04
-2.650800000000000000e+04
-2.317000000000000000e+04
-1.926000000000000000e+04
-1.487500000000000000e+04
-1.012500000000000000e+04
-5.126000000000000000e+03
0.000000000000000000e+00
5.125000000000000000e+03
1.012500000000000000e+04
1.487500000000000000e+04
1.926000000000000000e+04
2.316800000000000000e+04
2.650800000000000000e+04
2.919500000000000000e+04
3.116300000000000000e+04
3.236300000000000000e+04
3.276600000000000000e+04
3.236200000000000000e+04
3.116200000000000000e+04
2.919500000000000000e+04
2.650900000000000000e+04
2.316900000000000000e+04
1.926000000000000000e+04
1.487500000000000000e+04
1.012500000000000000e+04
5.126000000000000000e+03
0.000000000000000000e+00
-5.125000000000000000e+03
-1.012600000000000000e+04
-1.487600000000000000e+04
-1.925900000000000000e+04
-2.316900000000000000e+04
-2.650800000000000000e+04
-2.919500000000000000e+04
-3.116300000000000000e+04
-3.236300000000000000e+04
-3.276600000000000000e+04
-3.236200000000000000e+04
-3.116200000000000000e+04
-2.919500000000000000e+04
-2.650800000000000000e+04
-2.316900000000000000e+04
-1.926000000000000000e+04
-1.487500000000000000e+04
-1.012500000000000000e+04
-5.125000000000000000e+03
0.000000000000000000e+00
5.126000000000000000e+03
1.012500000000000000e+04
1.487500000000000000e+04
1.925900000000000000e+04
2.317000000000000000e+04
2.650900000000000000e+04
2.919500000000000000e+04
3.116300000000000000e+04
3.236300000000000000e+04
3.276600000000000000e+04
3.236300000000000000e+04
3.116300000000000000e+04
2.919500000000000000e+04
2.650800000000000000e+04
2.316900000000000000e+04
1.925900000000000000e+04
1.487600000000000000e+04
1.012400000000000000e+04
5.126000000000000000e+03
0.000000000000000000e+00
-5.126000000000000000e+03
-1.012400000000000000e+04
-1.487500000000000000e+04
-1.925900000000000000e+04
-2.316900000000000000e+04
-2.650800000000000000e+04
-2.919500000000000000e+04
-3.116300000000000000e+04
-3.236300000000000000e+04
-3.276600000000000000e+04
-3.236300000000000000e+04
-3.116200000000000000e+04
-2.919500000000000000e+04
-2.650800000000000000e+04
-2.316800000000000000e+04
-1.925900000000000000e+04
-1.487500000000000000e+04
-1.012500000000000000e+04
-5.125000000000000000e+03
0.000000000000000000e+00
5.125000000000000000e+03
1.012500000000000000e+04
1.487500000000000000e+04
1.925900000000000000e+04
2.316900000000000000e+04
2.650800000000000000e+04
2.919500000000000000e+04
3.116200000000000000e+04
3.236300000000000000e+04
3.276600000000000000e+04
3.236300000000000000e+04
3.116300000000000000e+04
2.919500000000000000e+04
2.650800000000000000e+04
2.317000000000000000e+04
1.925900000000000000e+04
1.487600000000000000e+04
1.012500000000000000e+04
5.126000000000000000e+03
0.000000000000000000e+00
-5.125000000000000000e+03
-1.012500000000000000e+04
-1.487500000000000000e+04
-1.925900000000000000e+04
-2.316900000000000000e+04
-2.650900000000000000e+04
-2.919500000000000000e+04
-3.116200000000000000e+04
-3.236200000000000000e+04
-3.276700000000000000e+04
-3.236300000000000000e+04
-3.116200000000000000e+04
-2.919500000000000000e+04
-2.650800000000000000e+04
-2.316900000000000000e+04
-1.925900000000000000e+04
-1.487500000000000000e+04
-1.012500000000000000e+04
-5.125000000000000000e+03
0.000000000000000000e+00
5.125000000000000000e+03
1.012500000000000000e+04
1.487500000000000000e+04
1.925900000000000000e+04
2.316900000000000000e+04
2.650800000000000000e+04
2.919500000000000000e+04
3.116300000000000000e+04
3.236300000000000000e+04
3.276600000000000000e+04
3.236300000000000000e+04
3.116300000000000000e+04
2.919500000000000000e+04
2.650800000000000000e+04
2.316900000000000000e+04
1.925900000000000000e+04
1.487500000000000000e+04
1.012500000000000000e+04
5.126000000000000000e+03
0.000000000000000000e+00
-5.125000000000000000e+03
-1.012500000000000000e+04
-1.487500000000000000e+04
-1.925900000000000000e+04
-2.316900000000000000e+04
-2.650800000000000000e+04
-2.919400000000000000e+04
-3.116300000000000000e+04
-3.236300000000000000e+04
-3.276600000000000000e+04
-3.236300000000000000e+04
-3.116300000000000000e+04
-2.919500000000000000e+04
-2.650800000000000000e+04
-2.316800000000000000e+04
-1.925900000000000000e+04
-1.487500000000000000e+04
-1.012500000000000000e+04
-5.125000000000000000e+03
0.000000000000000000e+00
5.125000000000000000e+03
1.012500000000000000e+04
1.487500000000000000e+04
1.925900000000000000e+04
2.317000000000000000e+04
2.650800000000000000e+04
2.919500000000000000e+04
3.116200000000000000e+04
3.236200000000000000e+04
3.276500000000000000e+04
3.236400000000000000e+04
3.116200000000000000e+04
2.919500000000000000e+04
2.650800000000000000e+04
2.316900000000000000e+04
1.925900000000000000e+04
1.487500000000000000e+04
1.012500000000000000e+04
5.125000000000000000e+03
0.000000000000000000e+00
-5.126000000000000000e+03
-1.012500000000000000e+04
-1.487600000000000000e+04
-1.926000000000000000e+04
-2.316900000000000000e+04
-2.650900000000000000e+04
-2.919500000000000000e+04
-3.116300000000000000e+04
-3.236300000000000000e+04
-3.276700000000000000e+04
-3.236300000000000000e+04
-3.116200000000000000e+04
-2.919600000000000000e+04
-2.650800000000000000e+04
-2.316900000000000000e+04
-1.926000000000000000e+04
-1.487500000000000000e+04
-1.012500000000000000e+04
-5.125000000000000000e+03
0.000000000000000000e+00
5.126000000000000000e+03
1.012500000000000000e+04
1.487600000000000000e+04
1.926000000000000000e+04
2.317000000000000000e+04
2.650800000000000000e+04
2.919500000000000000e+04
3.116300000000000000e+04
3.236300000000000000e+04
3.276600000000000000e+04
3.236200000000000000e+04
3.116200000000000000e+04
2.919500000000000000e+04
2.650900000000000000e+04
2.317000000000000000e+04
1.925900000000000000e+04
1.487600000000000000e+04
1.012400000000000000e+04
5.125000000000000000e+03
0.000000000000000000e+00
-5.125000000000000000e+03
-1.012500000000000000e+04
-1.487500000000000000e+04
-1.925900000000000000e+04
-2.316900000000000000e+04
-2.650900000000000000e+04
-2.919400000000000000e+04
-3.116300000000000000e+04
-3.236300000000000000e+04
-3.276600000000000000e+04
-3.236300000000000000e+04
-3.116200000000000000e+04
-2.919500000000000000e+04
-2.650900000000000000e+04
-2.316900000000000000e+04
-1.925900000000000000e+04
-1.487500000000000000e+04
-1.012500000000000000e+04
-5.125000000000000000e+03
0.000000000000000000e+00
5.125000000000000000e+03
1.012500000000000000e+04
1.487500000000000000e+04
1.925900000000000000e+04
2.316900000000000000e+04
2.650800000000000000e+04
2.919500000000000000e+04
3.116300000000000000e+04
3.236200000000000000e+04
3.276600000000000000e+04
3.236200000000000000e+04
3.116300000000000000e+04
2.919400000000000000e+04
2.650800000000000000e+04
2.316900000000000000e+04
1.925900000000000000e+04
1.487500000000000000e+04
1.012500000000000000e+04
5.125000000000000000e+03
0.000000000000000000e+00
-5.125000000000000000e+03
-1.012500000000000000e+04
-1.487500000000000000e+04
-1.925900000000000000e+04
-2.316900000000000000e+04
-2.650800000000000000e+04
-2.919400000000000000e+04
-3.116200000000000000e+04
-3.236300000000000000e+04
-3.276600000000000000e+04
-3.236300000000000000e+04
-3.116300000000000000e+04
-2.919400000000000000e+04
-2.650900000000000000e+04
-2.316900000000000000e+04
-1.925900000000000000e+04
-1.487500000000000000e+04
-1.012500000000000000e+04
-5.126000000000000000e+03
0.000000000000000000e+00
5.126000000000000000e+03
1.012500000000000000e+04
1.487500000000000000e+04
1.925900000000000000e+04
2.316900000000000000e+04
2.650900000000000000e+04
2.919500000000000000e+04
3.116200000000000000e+04
3.236300000000000000e+04
3.276600000000000000e+04
3.236200000000000000e+04
3.116300000000000000e+04
2.919400000000000000e+04
2.650800000000000000e+04
2.316900000000000000e+04
1.926000000000000000e+04
1.487600000000000000e+04
1.012500000000000000e+04
5.126000000000000000e+03
0.000000000000000000e+00
-5.125000000000000000e+03
-1.012500000000000000e+04
-1.487500000000000000e+04
-1.925900000000000000e+04
-2.316900000000000000e+04
-2.650800000000000000e+04
-2.919400000000000000e+04
-3.116200000000000000e+04
-3.236300000000000000e+04
-3.276700000000000000e+04
-3.236300000000000000e+04
-3.116200000000000000e+04
-2.919500000000000000e+04
-2.650800000000000000e+04
-2.316900000000000000e+04
-1.925900000000000000e+04
-1.487500000000000000e+04
-1.012500000000000000e+04
-5.126000000000000000e+03
0.000000000000000000e+00
5.125000000000000000e+03
1.012500000000000000e+04
1.487500000000000000e+04
1.926000000000000000e+04
2.316900000000000000e+04
2.650800000000000000e+04
2.919500000000000000e+04
3.116200000000000000e+04
3.236300000000000000e+04
3.276600000000000000e+04
3.236300000000000000e+04
3.116300000000000000e+04
2.919500000000000000e+04
2.650800000000000000e+04
2.316900000000000000e+04
1.925900000000000000e+04
1.487500000000000000e+04
1.012400000000000000e+04
5.125000000000000000e+03
0.000000000000000000e+00
-5.126000000000000000e+03
-1.012500000000000000e+04
-1.487500000000000000e+04
-1.925900000000000000e+04
-2.316900000000000000e+04
-2.650800000000000000e+04
-2.919500000000000000e+04
-3.116300000000000000e+04
-3.236300000000000000e+04
-3.276600000000000000e+04
-3.236300000000000000e+04
-3.116300000000000000e+04
-2.919500000000000000e+04
-2.650800000000000000e+04
-2.316900000000000000e+04
-1.925900000000000000e+04
-1.487500000000000000e+04
-1.012400000000000000e+04
-5.126000000000000000e+03
0.000000000000000000e+00
5.125000000000000000e+03
1.012500000000000000e+04
1.487500000000000000e+04
1.925800000000000000e+04
2.316900000000000000e+04
2.650800000000000000e+04
2.919500000000000000e+04
3.116200000000000000e+04
3.236300000000000000e+04
3.276600000000000000e+04
3.236300000000000000e+04
3.116200000000000000e+04
2.919500000000000000e+04
2.650900000000000000e+04
2.316800000000000000e+04
1.925900000000000000e+04
1.487500000000000000e+04
1.012500000000000000e+04
5.125000000000000000e+03
0.000000000000000000e+00
-5.125000000000000000e+03
-1.012500000000000000e+04
-1.487500000000000000e+04
-1.925900000000000000e+04
-2.316900000000000000e+04
-2.650800000000000000e+04
-2.919500000000000000e+04
-3.116200000000000000e+04
-3.236300000000000000e+04
-3.276600000000000000e+04
-3.236300000000000000e+04
-3.116300000000000000e+04
-2.919500000000000000e+04
-2.650900000000000000e+04
-2.316900000000000000e+04
-1.926000000000000000e+04
-1.487500000000000000e+04
-1.012400000000000000e+04
-5.126000000000000000e+03
0.000000000000000000e+00
5.125000000000000000e+03
1.012500000000000000e+04
1.487600000000000000e+04
1.926000000000000000e+04
2.316900000000000000e+04
2.650800000000000000e+04
2.919500000000000000e+04
3.116300000000000000e+04
3.236200000000000000e+04
3.276600000000000000e+04
3.236300000000000000e+04
3.116200000000000000e+04
2.919500000000000000e+04
2.650800000000000000e+04
2.316900000000000000e+04
1.926000000000000000e+04
1.487500000000000000e+04
1.012500000000000000e+04
5.126000000000000000e+03
0.000000000000000000e+00
-5.126000000000000000e+03
-1.012500000000000000e+04
-1.487600000000000000e+04
-1.925900000000000000e+04
-2.316900000000000000e+04
-2.650800000000000000e+04
-2.919500000000000000e+04
-3.116300000000000000e+04
-3.236300000000000000e+04
-3.276700000000000000e+04
-3.236200000000000000e+04
-3.116200000000000000e+04
-2.919500000000000000e+04
-2.650900000000000000e+04
-2.316900000000000000e+04
-1.926000000000000000e+04
-1.487500000000000000e+04
-1.012500000000000000e+04
-5.125000000000000000e+03
0.000000000000000000e+00
5.126000000000000000e+03
1.012600000000000000e+04
1.487500000000000000e+04
1.925900000000000000e+04
2.317000000000000000e+04
2.650800000000000000e+04
2.919500000000000000e+04
3.116200000000000000e+04
3.236300000000000000e+04
3.276600000000000000e+04
3.236300000000000000e+04
3.116300000000000000e+04
2.919500000000000000e+04
2.650800000000000000e+04
2.316800000000000000e+04
1.925900000000000000e+04
1.487500000000000000e+04
1.012500000000000000e+04
5.126000000000000000e+03
0.000000000000000000e+00
-5.125000000000000000e+03
-1.012500000000000000e+04
-1.487600000000000000e+04
-1.925900000000000000e+04
-2.316900000000000000e+04
-2.650800000000000000e+04
-2.919600000000000000e+04
-3.116200000000000000e+04
-3.236300000000000000e+04
-3.276600000000000000e+04
-3.236300000000000000e+04
-3.116200000000000000e+04
-2.919500000000000000e+04
-2.650800000000000000e+04
-2.316900000000000000e+04
-1.925900000000000000e+04
-1.487600000000000000e+04
-1.012500000000000000e+04
-5.126000000000000000e+03
0.000000000000000000e+00
5.126000000000000000e+03
1.012500000000000000e+04
1.487500000000000000e+04
1.926000000000000000e+04
2.316900000000000000e+04
2.650800000000000000e+04
2.919500000000000000e+04
3.116300000000000000e+04
3.236300000000000000e+04
3.276600000000000000e+04
3.236300000000000000e+04
3.116200000000000000e+04
2.919400000000000000e+04
2.650900000000000000e+04
2.317000000000000000e+04
1.925900000000000000e+04
1.487600000000000000e+04
1.012500000000000000e+04
5.126000000000000000e+03
